             o  ,    o  ,                                   (NO NAME GIVEN)                            Astronomical Applications Dept.
Location: W000 08, N51 30                          Rise and Set for the Sun for 2013                   U. S. Naval Observatory        
                                                                                                       Washington, DC  20392-5420     
                                                            Universal Time                                                            
                                                                                                                                      
                                                                                                                                      
       Jan.       Feb.       Mar.       Apr.       May        June       July       Aug.       Sept.      Oct.       Nov.       Dec.  
Day Rise  Set  Rise  Set  Rise  Set  Rise  Set  Rise  Set  Rise  Set  Rise  Set  Rise  Set  Rise  Set  Rise  Set  Rise  Set  Rise  Set
     h m  h m   h m  h m   h m  h m   h m  h m   h m  h m   h m  h m   h m  h m   h m  h m   h m  h m   h m  h m   h m  h m   h m  h m
01  0806 1602  0739 1650  0646 1741  0536 1834  0432 1924  0349 2008  0348 2021  0424 1948  0513 1847  0601 1738  0654 1633  0744 1555
02  0806 1604  0737 1652  0643 1743  0533 1836  0430 1926  0348 2009  0348 2020  0426 1947  0515 1844  0603 1736  0656 1632  0745 1554
03  0806 1605  0735 1654  0641 1745  0531 1837  0429 1927  0348 2010  0349 2020  0427 1945  0516 1842  0605 1733  0658 1630  0747 1554
04  0806 1606  0734 1656  0639 1746  0529 1839  0427 1929  0347 2011  0350 2019  0429 1943  0518 1840  0606 1731  0659 1628  0748 1553
05  0805 1607  0732 1658  0637 1748  0527 1841  0425 1930  0346 2012  0351 2019  0430 1941  0520 1838  0608 1729  0701 1626  0749 1553
06  0805 1608  0730 1659  0635 1750  0524 1842  0423 1932  0346 2013  0352 2018  0432 1940  0521 1835  0609 1727  0703 1625  0750 1553
07  0804 1610  0729 1701  0632 1752  0522 1844  0421 1934  0345 2014  0353 2018  0434 1938  0523 1833  0611 1725  0705 1623  0752 1552
08  0804 1611  0727 1703  0630 1753  0520 1846  0420 1935  0345 2015  0354 2017  0435 1936  0524 1831  0613 1722  0707 1621  0753 1552
09  0803 1612  0725 1705  0628 1755  0518 1847  0418 1937  0344 2016  0355 2016  0437 1934  0526 1829  0614 1720  0708 1620  0754 1552
10  0803 1614  0723 1707  0626 1757  0516 1849  0416 1938  0344 2016  0356 2016  0438 1932  0528 1826  0616 1718  0710 1618  0755 1552
11  0802 1615  0722 1709  0623 1758  0513 1851  0415 1940  0344 2017  0357 2015  0440 1930  0529 1824  0618 1716  0712 1617  0756 1551
12  0802 1617  0720 1710  0621 1800  0511 1852  0413 1941  0343 2018  0358 2014  0441 1929  0531 1822  0620 1713  0713 1615  0757 1551
13  0801 1618  0718 1712  0619 1802  0509 1854  0412 1943  0343 2018  0359 2013  0443 1927  0532 1819  0621 1711  0715 1614  0758 1551
14  0800 1620  0716 1714  0617 1804  0507 1856  0410 1945  0343 2019  0400 2012  0445 1925  0534 1817  0623 1709  0717 1612  0759 1552
15  0759 1621  0714 1716  0614 1805  0505 1857  0409 1946  0343 2019  0401 2011  0446 1923  0536 1815  0625 1707  0719 1611  0800 1552
16  0758 1623  0712 1718  0612 1807  0503 1859  0407 1948  0343 2020  0402 2010  0448 1921  0537 1812  0626 1705  0720 1610  0801 1552
17  0758 1624  0710 1720  0610 1809  0500 1901  0406 1949  0343 2020  0404 2009  0449 1919  0539 1810  0628 1703  0722 1608  0801 1552
18  0757 1626  0708 1721  0608 1810  0458 1902  0404 1950  0343 2021  0405 2008  0451 1917  0540 1808  0630 1701  0724 1607  0802 1552
19  0756 1628  0706 1723  0605 1812  0456 1904  0403 1952  0343 2021  0406 2007  0453 1915  0542 1806  0631 1659  0725 1606  0803 1553
20  0754 1629  0704 1725  0603 1814  0454 1906  0402 1953  0343 2021  0407 2006  0454 1912  0544 1803  0633 1657  0727 1605  0803 1553
21  0753 1631  0702 1727  0601 1815  0452 1907  0400 1955  0343 2021  0409 2004  0456 1910  0545 1801  0635 1655  0729 1604  0804 1554
22  0752 1633  0700 1729  0559 1817  0450 1909  0359 1956  0343 2022  0410 2003  0457 1908  0547 1759  0637 1653  0730 1603  0804 1554
23  0751 1634  0658 1730  0556 1819  0448 1911  0358 1957  0344 2022  0411 2002  0459 1906  0548 1756  0638 1650  0732 1602  0805 1555
24  0750 1636  0656 1732  0554 1821  0446 1912  0357 1959  0344 2022  0413 2000  0500 1904  0550 1754  0640 1649  0734 1601  0805 1555
25  0749 1638  0654 1734  0552 1822  0444 1914  0356 2000  0344 2022  0414 1959  0502 1902  0552 1752  0642 1647  0735 1600  0805 1556
26  0747 1640  0652 1736  0549 1824  0442 1916  0355 2001  0345 2022  0416 1958  0504 1900  0553 1749  0644 1645  0737 1559  0806 1557
27  0746 1641  0650 1737  0547 1826  0440 1917  0354 2003  0345 2022  0417 1956  0505 1858  0555 1747  0645 1643  0738 1558  0806 1558
28  0745 1643  0648 1739  0545 1827  0438 1919  0353 2004  0346 2021  0418 1955  0507 1855  0556 1745  0647 1641  0740 1557  0806 1558
29  0743 1645             0543 1829  0436 1921  0352 2005  0346 2021  0420 1953  0508 1853  0558 1743  0649 1639  0741 1556  0806 1559
30  0742 1647             0540 1831  0434 1922  0351 2006  0347 2021  0421 1952  0510 1851  0600 1740  0651 1637  0743 1556  0806 1600
31  0740 1649             0538 1832             0350 2007             0423 1950  0512 1849             0652 1635             0806 1601
